-------------------Larange = 0.05, annealing_time = 5
Number of logical variables: 25
Number of physical qubits used in embedding: 194
sample info {'timing': {'qpu_sampling_time': 223940.0, 'qpu_anneal_time_per_sample': 5.0, 'qpu_readout_time_per_sample': 198.4, 'qpu_access_time': 235092.91, 'qpu_access_overhead_time': 2170.09, 'qpu_programming_time': 11152.91, 'qpu_delay_time_per_sample': 20.54, 'post_processing_overhead_time': 908.0, 'total_post_processing_time': 908.0}, 'problem_id': '2a2b763e-10f3-4df1-bac8-b77f1f0c144e', 'embedding_context': {'embedding': {(0, 2): (471, 182, 190, 198, 206, 214, 209, 465, 337), (0, 1): (699, 571, 443, 204, 196, 188, 187, 315), (0, 3): (340, 300, 308, 332, 324, 316), (0, 4): (697, 185, 313, 441, 591, 583, 575, 569), (0, 5): (589, 565, 573, 581, 194, 322, 450, 578), (1, 5): (708, 832, 192, 320, 448, 704, 576), (2, 5): (568, 312, 439, 463, 455, 440, 447), (3, 5): (437, 445, 453, 338, 466, 469, 461), (4, 5): (207, 435, 307, 199, 191, 183, 180, 179), (2, 1): (467, 310, 318, 326, 339, 342, 334), (3, 1): (296, 303, 343, 335, 327, 319, 311), (4, 1): (838, 195, 323, 451, 835, 707, 579), (1, 2): (213, 205, 561, 433, 197, 189, 181, 305, 177), (3, 2): (836, 844, 200, 328, 456, 840, 712, 584), (4, 2): (839, 847, 201, 329, 457, 841, 713, 585), (1, 3): (425, 297, 301, 341, 333, 309, 317, 325), (2, 3): (176, 719, 711, 703, 304, 432, 560, 688, 695), (4, 3): (837, 845, 202, 842, 330, 458, 586, 714), (1, 4): (186, 314, 717, 709, 442, 570, 701, 698), (2, 4): (718, 710, 178, 306, 434, 562, 690, 694, 702), (3, 4): (193, 321, 833, 705, 577, 449), (6, 6): (563, 564, 336, 464, 592, 596, 572, 580, 588), (7, 7): (582, 590, 715, 587, 203, 331, 459), (8, 8): (298, 426, 468, 460, 452, 428, 436, 444), (9, 9): (299, 470, 462, 454, 446, 438, 427, 430)}, 'chain_break_method': 'majority_vote', 'embedding_parameters': {}, 'chain_strength': 17.254076807635926}}
first Sample(sample={(0, 1): 0, (0, 2): 0, (0, 3): 0, (0, 4): 0, (0, 5): 0, (1, 2): 0, (1, 3): 0, (1, 4): 0, (1, 5): 1, (2, 1): 0, (2, 3): 0, (2, 4): 1, (2, 5): 0, (3, 1): 0, (3, 2): 0, (3, 4): 1, (3, 5): 0, (4, 1): 0, (4, 2): 0, (4, 3): 1, (4, 5): 0, (6, 6): 0, (7, 7): 0, (8, 8): 0, (9, 9): 0}, energy=-26.290000000000003, num_occurrences=1, chain_break_fraction=0.16)
-------------------Larange = 0.05, annealing_time = 15
Number of logical variables: 25
Number of physical qubits used in embedding: 193
sample info {'timing': {'qpu_sampling_time': 233940.0, 'qpu_anneal_time_per_sample': 15.0, 'qpu_readout_time_per_sample': 198.4, 'qpu_access_time': 245071.51, 'qpu_access_overhead_time': 4162.49, 'qpu_programming_time': 11131.51, 'qpu_delay_time_per_sample': 20.54, 'post_processing_overhead_time': 860.0, 'total_post_processing_time': 860.0}, 'problem_id': '282eacc7-c7af-4024-9b06-1aa417552596', 'embedding_context': {'embedding': {(0, 2): (999, 475, 603, 731, 991, 987, 859), (0, 1): (465, 849, 593, 721, 741, 733, 725), (0, 3): (487, 479, 471, 463, 455, 447, 442, 570), (0, 4): (450, 871, 863, 578, 706, 855, 847, 839, 834), (0, 5): (571, 614, 606, 598, 574, 582, 590), (1, 5): (573, 581, 613, 605, 597, 589), (2, 5): (356, 348, 858, 468, 476, 730, 346, 474, 602), (3, 5): (486, 478, 584, 454, 470, 456, 462), (4, 5): (998, 990, 982, 978, 466, 594, 722, 850), (2, 1): (997, 989, 981, 979, 851, 723, 467, 595), (3, 1): (726, 856, 358, 350, 344, 472, 600, 728, 734), (4, 1): (451, 579, 868, 860, 852, 844, 707, 835, 836), (1, 2): (457, 585, 740, 732, 724, 716, 713, 841), (3, 2): (448, 576, 704, 832, 870, 862, 854, 846, 838), (4, 2): (569, 575, 615, 607, 599, 591, 583), (1, 3): (715, 587, 459, 453, 485, 477, 469, 461), (2, 3): (458, 586, 743, 735, 727, 719, 714, 842), (4, 3): (484, 355, 483, 995, 867, 739, 611), (1, 4): (357, 354, 482, 994, 866, 738, 610), (2, 4): (568, 612, 604, 572, 580, 596, 588), (3, 4): (464, 592, 996, 988, 720, 848, 976, 980), (6, 6): (352, 480, 992, 864, 736, 608), (7, 7): (359, 351, 345, 985, 857, 729, 601, 473), (8, 8): (353, 742, 993, 481, 609, 865, 737), (9, 9): (869, 449, 577, 861, 853, 845, 837, 833, 705)}, 'chain_break_method': 'majority_vote', 'embedding_parameters': {}, 'chain_strength': 17.254076807635926}}
first Sample(sample={(0, 1): 0, (0, 2): 0, (0, 3): 0, (0, 4): 0, (0, 5): 0, (1, 2): 0, (1, 3): 0, (1, 4): 0, (1, 5): 1, (2, 1): 1, (2, 3): 0, (2, 4): 0, (2, 5): 0, (3, 1): 0, (3, 2): 0, (3, 4): 1, (3, 5): 0, (4, 1): 0, (4, 2): 1, (4, 3): 0, (4, 5): 0, (6, 6): 0, (7, 7): 0, (8, 8): 0, (9, 9): 0}, energy=-27.390000000000004, num_occurrences=1, chain_break_fraction=0.0)
-------------------Larange = 0.05, annealing_time = 25
Number of logical variables: 25
Number of physical qubits used in embedding: 211
sample info {'timing': {'qpu_sampling_time': 243940.0, 'qpu_anneal_time_per_sample': 25.0, 'qpu_readout_time_per_sample': 198.4, 'qpu_access_time': 255087.51, 'qpu_access_overhead_time': 3509.49, 'qpu_programming_time': 11147.51, 'qpu_delay_time_per_sample': 20.54, 'post_processing_overhead_time': 827.0, 'total_post_processing_time': 827.0}, 'problem_id': '233622e7-94a9-4f50-852f-11c31283cd89', 'embedding_context': {'embedding': {(0, 2): (186, 956, 954, 826, 314, 442, 570, 698), (0, 1): (447, 471, 463, 835, 707, 579, 451, 455), (0, 3): (695, 819, 691, 563, 435, 438, 470, 462, 454, 446), (0, 4): (851, 318, 326, 334, 342, 723, 595, 467, 339), (0, 5): (185, 953, 825, 316, 313, 441, 697, 569), (1, 5): (602, 730, 858, 820, 828, 836, 860, 852, 844), (2, 5): (600, 728, 821, 856, 861, 829, 837, 845, 853), (3, 5): (601, 729, 857, 863, 823, 831, 839, 847, 855), (4, 5): (818, 605, 597, 589, 581, 690, 562, 565, 573), (2, 1): (458, 586, 842, 726, 714, 702, 710, 718), (3, 1): (561, 725, 817, 689, 693, 717, 709, 701), (4, 1): (578, 703, 834, 706, 727, 719, 711), (1, 2): (329, 460, 457, 585, 959, 967, 975, 969, 713, 841), (3, 2): (445, 453, 848, 720, 592, 464, 461, 469, 477), (4, 2): (468, 317, 325, 333, 341, 850, 722, 594, 466, 338), (1, 3): (843, 715, 587, 319, 327, 335, 459, 331), (2, 3): (816, 560, 688, 732, 724, 692, 716, 708, 700), (4, 3): (590, 321, 574, 582, 449, 833, 705, 577), (1, 4): (312, 952, 184, 824, 440, 568, 696), (2, 4): (572, 580, 588, 849, 465, 721, 593, 596), (3, 4): (822, 862, 830, 838, 846, 854), (6, 6): (859, 731, 603, 567, 607, 599, 591, 575, 583), (7, 7): (840, 712, 584, 190, 198, 456, 328, 200, 206), (8, 8): (192, 320, 444, 452, 832, 704, 448, 576), (9, 9): (955, 827, 191, 187, 315, 443, 699, 571)}, 'chain_break_method': 'majority_vote', 'embedding_parameters': {}, 'chain_strength': 17.254076807635926}}
first Sample(sample={(0, 1): 0, (0, 2): 0, (0, 3): 0, (0, 4): 0, (0, 5): 0, (1, 2): 0, (1, 3): 0, (1, 4): 0, (1, 5): 1, (2, 1): 1, (2, 3): 0, (2, 4): 0, (2, 5): 0, (3, 1): 0, (3, 2): 1, (3, 4): 0, (3, 5): 0, (4, 1): 0, (4, 2): 0, (4, 3): 0, (4, 5): 0, (6, 6): 0, (7, 7): 0, (8, 8): 0, (9, 9): 0}, energy=-23.190000000000005, num_occurrences=1, chain_break_fraction=0.04)
-------------------Larange = 0.05, annealing_time = 35
Number of logical variables: 25
Number of physical qubits used in embedding: 210
sample info {'timing': {'qpu_sampling_time': 253940.0, 'qpu_anneal_time_per_sample': 35.0, 'qpu_readout_time_per_sample': 198.4, 'qpu_access_time': 265044.91, 'qpu_access_overhead_time': 3601.09, 'qpu_programming_time': 11104.91, 'qpu_delay_time_per_sample': 20.54, 'post_processing_overhead_time': 520.0, 'total_post_processing_time': 520.0}, 'problem_id': '002ba1cc-7d87-4e08-a18a-bdb92f1d928e', 'embedding_context': {'embedding': {(0, 2): (971, 735, 727, 843, 715, 703, 711, 719), (0, 1): (594, 1246, 1238, 722, 850, 1237, 1234, 1106, 978), (0, 3): (862, 854, 846, 822, 830, 838), (0, 4): (1245, 602, 730, 1242, 1114, 986, 858), (0, 5): (820, 991, 817, 945, 951, 983, 975, 967, 959), (1, 5): (1243, 1115, 607, 603, 987, 731, 859), (2, 5): (699, 990, 827, 955, 982, 974, 958, 966), (3, 5): (1240, 1112, 984, 600, 728, 856), (4, 5): (825, 953, 1081, 697, 1086, 1118, 1110, 1102, 1094), (2, 1): (1235, 1107, 979, 851, 605, 597, 595, 723), (3, 1): (606, 844, 828, 836, 598, 590, 582, 833, 705, 577), (4, 1): (1098, 970, 842, 831, 839, 863, 855, 847), (1, 2): (1216, 704, 1119, 832, 960, 1088, 1111, 1103, 1095), (3, 2): (870, 864, 869, 821, 829, 861, 853, 845, 837), (4, 2): (860, 852, 599, 592, 1232, 720, 848, 1104, 976), (1, 3): (696, 1244, 824, 952, 1080, 1208, 1236, 1228, 1220, 1212), (2, 3): (1233, 734, 726, 1105, 977, 593, 721, 849), (4, 3): (816, 944, 961, 988, 980, 972, 964, 956, 948), (1, 4): (596, 604, 601, 729, 1241, 1113, 985, 857), (2, 4): (713, 841, 1225, 969, 1117, 1109, 1101, 1097), (3, 4): (706, 834, 1247, 1239, 1231, 1223, 1218, 1090, 962), (6, 6): (947, 714, 819, 691, 732, 724, 716, 708, 700, 692), (7, 7): (707, 835, 963, 1116, 1108, 1100, 1092, 1091, 1219), (8, 8): (989, 981, 973, 698, 826, 954, 957, 965), (9, 9): (1096, 968, 840, 733, 725, 701, 709, 717, 712)}, 'chain_break_method': 'majority_vote', 'embedding_parameters': {}, 'chain_strength': 17.254076807635926}}
first Sample(sample={(0, 1): 0, (0, 2): 0, (0, 3): 0, (0, 4): 0, (0, 5): 1, (1, 2): 1, (1, 3): 0, (1, 4): 0, (1, 5): 0, (2, 1): 1, (2, 3): 0, (2, 4): 0, (2, 5): 0, (3, 1): 0, (3, 2): 0, (3, 4): 1, (3, 5): 0, (4, 1): 0, (4, 2): 0, (4, 3): 1, (4, 5): 0, (6, 6): 0, (7, 7): 0, (8, 8): 0, (9, 9): 0}, energy=-27.71999999999999, num_occurrences=1, chain_break_fraction=0.0)
-------------------Larange = 0.05, annealing_time = 45
Number of logical variables: 25
Number of physical qubits used in embedding: 226
sample info {'timing': {'qpu_sampling_time': 263940.0, 'qpu_anneal_time_per_sample': 45.0, 'qpu_readout_time_per_sample': 198.4, 'qpu_access_time': 275090.11, 'qpu_access_overhead_time': 2975.89, 'qpu_programming_time': 11150.11, 'qpu_delay_time_per_sample': 20.54, 'post_processing_overhead_time': 581.0, 'total_post_processing_time': 581.0}, 'problem_id': 'd5aee491-63a1-4549-8318-ab4b21c0a1b2', 'embedding_context': {'embedding': {(0, 2): (1362, 1490, 1618, 1746, 1790, 1782, 1774, 1766, 1758, 1750), (0, 1): (1891, 1391, 1383, 1763, 1251, 1635, 1507, 1379), (0, 3): (1497, 1625, 1640, 1617, 1660, 1652, 1644, 1620, 1628, 1636), (0, 4): (1376, 1888, 1788, 1504, 1780, 1632, 1760, 1772, 1764), (0, 5): (1386, 1662, 1638, 1514, 1898, 1770, 1654, 1646, 1642), (1, 5): (1370, 1882, 1754, 1626, 1534, 1526, 1498, 1494, 1502, 1510, 1518), (2, 5): (1363, 1919, 1491, 1619, 1747, 1875, 1911, 1903, 1895, 1887, 1879), (3, 5): (1904, 1392, 1776, 1639, 1663, 1647, 1655, 1520, 1648), (4, 5): (1272, 1277, 1269, 1897, 1641, 1513, 1769, 1261, 1257, 1385), (2, 1): (1402, 1913, 1765, 1785, 1530, 1658, 1786, 1773, 1781, 1789), (3, 1): (1371, 1751, 1499, 1627, 1755, 1791, 1783, 1775, 1767, 1759), (4, 1): (1377, 1909, 1505, 1633, 1761, 1889, 1901, 1893), (1, 2): (1263, 1271, 1267, 1395, 1907, 1779, 1651, 1255, 1523), (3, 2): (1492, 1532, 1524, 1516, 1500, 1508), (4, 2): (1489, 1361, 1404, 1364, 1372, 1380, 1388, 1396), (1, 3): (1403, 1894, 1531, 1659, 1902, 1910, 1918, 1787, 1915), (2, 3): (1634, 1535, 1527, 1519, 1495, 1503, 1506, 1511), (4, 3): (1917, 1399, 1407, 1400, 1912, 1784, 1656, 1528), (1, 4): (1406, 1382, 1899, 1771, 1643, 1398, 1390, 1387, 1515), (2, 4): (1657, 1529, 1493, 1501, 1533, 1525, 1517, 1509), (3, 4): (1368, 1496, 1624, 1621, 1629, 1637, 1661, 1653, 1645), (6, 6): (1360, 1488, 1916, 1908, 1616, 1744, 1872, 1900, 1892, 1884, 1876), (7, 7): (1252, 1260, 1905, 1777, 1649, 1268, 1265, 1393, 1521), (8, 8): (1405, 1397, 1365, 1373, 1381, 1512, 1384, 1389), (9, 9): (1254, 1906, 1778, 1650, 1262, 1270, 1266, 1394, 1522)}, 'chain_break_method': 'majority_vote', 'embedding_parameters': {}, 'chain_strength': 17.254076807635926}}
first Sample(sample={(0, 1): 0, (0, 2): 0, (0, 3): 0, (0, 4): 0, (0, 5): 1, (1, 2): 1, (1, 3): 0, (1, 4): 0, (1, 5): 0, (2, 1): 0, (2, 3): 0, (2, 4): 1, (2, 5): 0, (3, 1): 0, (3, 2): 0, (3, 4): 1, (3, 5): 0, (4, 1): 0, (4, 2): 0, (4, 3): 1, (4, 5): 0, (6, 6): 0, (7, 7): 0, (8, 8): 0, (9, 9): 0}, energy=-26.61999999999999, num_occurrences=1, chain_break_fraction=0.04)
-------------------Larange = 0.1, annealing_time = 5
Number of logical variables: 25
Number of physical qubits used in embedding: 207
sample info {'timing': {'qpu_sampling_time': 223940.0, 'qpu_anneal_time_per_sample': 5.0, 'qpu_readout_time_per_sample': 198.4, 'qpu_access_time': 235064.91, 'qpu_access_overhead_time': 3908.09, 'qpu_programming_time': 11124.91, 'qpu_delay_time_per_sample': 20.54, 'post_processing_overhead_time': 927.0, 'total_post_processing_time': 927.0}, 'problem_id': '2f014c21-507d-4f13-b89b-8843ace2e813', 'embedding_context': {'embedding': {(0, 2): (1454, 1962, 1322, 1450, 1578, 1834, 1706), (0, 1): (1844, 1836, 1554, 1682, 1810, 1812, 1828, 1817, 1820), (0, 3): (1455, 1321, 1961, 1449, 1833, 1705, 1577), (0, 4): (1593, 1721, 1849, 1821, 1829, 1837, 1845, 1813, 1853), (0, 5): (1827, 1699, 1590, 1558, 1566, 1582, 1571, 1574), (1, 5): (1954, 1973, 1965, 1957, 1949, 1941, 1555, 1683, 1811, 1939), (2, 5): (1319, 1327, 1952, 1824, 1696, 1312, 1440, 1568), (3, 5): (1847, 1839, 1553, 1681, 1831, 1809, 1815, 1823), (4, 5): (1972, 1964, 1956, 1948, 1563, 1691, 1819, 1947), (2, 1): (1561, 1689, 1724, 1716, 1708, 1700, 1692, 1684), (3, 1): (1441, 1569, 1697, 1951, 1967, 1959, 1825, 1953), (4, 1): (1549, 1557, 1565, 1597, 1589, 1581, 1573), (1, 2): (1672, 1544, 1548, 1596, 1588, 1580, 1676, 1556, 1564, 1572), (3, 2): (1326, 1963, 1323, 1451, 1835, 1707, 1579), (4, 2): (1969, 1436, 1444, 1841, 1713, 1585, 1457, 1460, 1452), (1, 3): (1960, 1832, 1704, 1320, 1448, 1576), (2, 3): (1598, 1814, 1592, 1720, 1848, 1822, 1830, 1838, 1846, 1854), (4, 3): (1942, 1950, 1958, 1966, 1974, 1586, 1714, 1842, 1970), (1, 4): (1850, 1594, 1722, 1727, 1719, 1711, 1703, 1687, 1695), (2, 4): (1944, 1816, 1688, 1560, 1432, 1304, 1325, 1317, 1309), (3, 4): (1570, 1718, 1710, 1694, 1826, 1698, 1702), (6, 6): (1693, 1701, 1709, 1587, 1971, 1843, 1715, 1717), (7, 7): (1591, 1583, 1599, 1680, 1552, 1575, 1567, 1559), (8, 8): (1437, 1968, 1840, 1712, 1584, 1456, 1461, 1445, 1453), (9, 9): (1946, 1818, 1324, 1316, 1308, 1306, 1434, 1690, 1562)}, 'chain_break_method': 'majority_vote', 'embedding_parameters': {}, 'chain_strength': 34.50815361527185}}
first Sample(sample={(0, 1): 0, (0, 2): 0, (0, 3): 0, (0, 4): 0, (0, 5): 1, (1, 2): 0, (1, 3): 0, (1, 4): 0, (1, 5): 1, (2, 1): 1, (2, 3): 0, (2, 4): 0, (2, 5): 0, (3, 1): 0, (3, 2): 0, (3, 4): 1, (3, 5): 0, (4, 1): 0, (4, 2): 0, (4, 3): 0, (4, 5): 0, (6, 6): 0, (7, 7): 0, (8, 8): 0, (9, 9): 0}, energy=-42.22, num_occurrences=1, chain_break_fraction=0.04)
-------------------Larange = 0.1, annealing_time = 15
Number of logical variables: 25
Number of physical qubits used in embedding: 217
sample info {'timing': {'qpu_sampling_time': 233940.0, 'qpu_anneal_time_per_sample': 15.0, 'qpu_readout_time_per_sample': 198.4, 'qpu_access_time': 245098.91, 'qpu_access_overhead_time': 2598.09, 'qpu_programming_time': 11158.91, 'qpu_delay_time_per_sample': 20.54, 'post_processing_overhead_time': 869.0, 'total_post_processing_time': 869.0}, 'problem_id': '053bab76-a4e4-4665-8eb2-6ad6586254ce', 'embedding_context': {'embedding': {(0, 2): (366, 745, 617, 489, 105, 233, 361), (0, 1): (119, 107, 235, 111, 747, 619, 491, 363), (0, 3): (736, 608, 480, 352, 380, 372, 356, 364), (0, 4): (731, 638, 475, 630, 622, 614, 606, 603), (0, 5): (239, 247, 753, 382, 374, 241, 625, 497, 369), (1, 5): (345, 767, 759, 473, 601, 751, 743, 735, 348, 729), (2, 5): (483, 355, 607, 739, 611, 639, 631, 623, 615), (3, 5): (336, 464, 592, 596, 636, 628, 620, 612, 604), (4, 5): (367, 112, 375, 240, 752, 624, 496, 368), (2, 1): (485, 755, 371, 627, 243, 509, 493, 501, 499), (3, 1): (252, 761, 633, 505, 377, 108, 116, 124, 121, 249), (4, 1): (477, 341, 381, 373, 365, 472, 344, 349, 357), (1, 2): (346, 474, 602, 730, 765, 757, 749, 741, 728, 733), (3, 2): (754, 236, 244, 114, 242, 626, 498, 370), (4, 2): (109, 120, 125, 760, 632, 504, 117, 376, 248), (1, 3): (337, 465, 468, 476, 508, 500, 492, 484), (2, 3): (502, 494, 104, 232, 744, 360, 616, 488), (4, 3): (762, 634, 506, 110, 118, 126, 122, 378, 250), (1, 4): (238, 246, 763, 635, 507, 379, 251, 254), (2, 4): (353, 511, 503, 495, 471, 479, 481, 487), (3, 4): (106, 234, 362, 746, 618, 490), (6, 6): (466, 594, 722, 766, 758, 750, 742, 726, 338, 734), (7, 7): (764, 339, 756, 467, 595, 723, 724, 748, 740, 732), (8, 8): (253, 245, 342, 358, 350, 237, 229, 221, 219, 347), (9, 9): (637, 629, 354, 482, 610, 621, 613, 737, 609)}, 'chain_break_method': 'majority_vote', 'embedding_parameters': {}, 'chain_strength': 34.50815361527185}}
first Sample(sample={(0, 1): 1, (0, 2): 0, (0, 3): 0, (0, 4): 0, (0, 5): 0, (1, 2): 0, (1, 3): 0, (1, 4): 0, (1, 5): 1, (2, 1): 0, (2, 3): 0, (2, 4): 0, (2, 5): 0, (3, 1): 0, (3, 2): 0, (3, 4): 1, (3, 5): 0, (4, 1): 0, (4, 2): 1, (4, 3): 0, (4, 5): 0, (6, 6): 0, (7, 7): 0, (8, 8): 0, (9, 9): 0}, energy=-40.23999999999999, num_occurrences=1, chain_break_fraction=0.0)
-------------------Larange = 0.1, annealing_time = 25
Number of logical variables: 25
Number of physical qubits used in embedding: 200
sample info {'timing': {'qpu_sampling_time': 243940.0, 'qpu_anneal_time_per_sample': 25.0, 'qpu_readout_time_per_sample': 198.4, 'qpu_access_time': 255135.31, 'qpu_access_overhead_time': 3809.69, 'qpu_programming_time': 11195.31, 'qpu_delay_time_per_sample': 20.54, 'post_processing_overhead_time': 852.0, 'total_post_processing_time': 852.0}, 'problem_id': '8d04d2b9-b0e2-415b-b770-ef60dd94c37f', 'embedding_context': {'embedding': {(0, 2): (246, 238, 230, 481, 353, 97, 225), (0, 1): (459, 331, 374, 366, 358, 334, 342, 350), (0, 3): (457, 501, 461, 493, 485, 477, 469), (0, 4): (751, 743, 99, 739, 227, 355, 483, 611), (0, 5): (107, 628, 620, 235, 363, 747, 619, 491), (1, 5): (613, 621, 105, 233, 361, 745, 617, 489), (2, 5): (117, 109, 466, 101, 93, 85, 338, 210, 82), (3, 5): (475, 119, 111, 347, 219, 103, 95, 91), (4, 5): (463, 503, 495, 471, 487, 479), (2, 1): (373, 365, 357, 349, 341, 333, 456, 328), (3, 1): (208, 336, 464, 470, 502, 494, 486, 478), (4, 1): (759, 631, 752, 629, 624, 112, 240, 368, 496), (1, 2): (113, 241, 369, 742, 497, 625, 753, 758, 750), (3, 2): (500, 492, 744, 616, 488, 104, 232, 360), (4, 2): (215, 239, 474, 346, 247, 218, 231, 223), (1, 3): (114, 242, 370, 614, 622, 630, 626, 498), (2, 3): (499, 228, 371, 115, 236, 244, 243), (4, 3): (623, 615, 98, 226, 354, 738, 610, 482), (1, 4): (473, 116, 108, 84, 345, 217, 89, 92, 100), (2, 4): (756, 748, 740, 96, 224, 352, 736, 608, 480), (3, 4): (245, 237, 229, 465, 337, 209, 213, 221), (6, 6): (118, 110, 102, 94, 467, 339, 211, 83, 86), (7, 7): (757, 749, 746, 106, 234, 362, 490, 618), (8, 8): (472, 343, 375, 367, 344, 359, 351), (9, 9): (458, 330, 372, 364, 356, 332, 340, 348)}, 'chain_break_method': 'majority_vote', 'embedding_parameters': {}, 'chain_strength': 34.50815361527185}}
first Sample(sample={(0, 1): 0, (0, 2): 0, (0, 3): 0, (0, 4): 0, (0, 5): 1, (1, 2): 1, (1, 3): 0, (1, 4): 0, (1, 5): 0, (2, 1): 0, (2, 3): 0, (2, 4): 1, (2, 5): 0, (3, 1): 0, (3, 2): 0, (3, 4): 0, (3, 5): 0, (4, 1): 0, (4, 2): 0, (4, 3): 1, (4, 5): 0, (6, 6): 0, (7, 7): 0, (8, 8): 0, (9, 9): 0}, energy=-42.31999999999999, num_occurrences=1, chain_break_fraction=0.08)
-------------------Larange = 0.1, annealing_time = 35
Number of logical variables: 25
Number of physical qubits used in embedding: 213
sample info {'timing': {'qpu_sampling_time': 253940.0, 'qpu_anneal_time_per_sample': 35.0, 'qpu_readout_time_per_sample': 198.4, 'qpu_access_time': 265080.11, 'qpu_access_overhead_time': 3879.89, 'qpu_programming_time': 11140.11, 'qpu_delay_time_per_sample': 20.54, 'post_processing_overhead_time': 946.0, 'total_post_processing_time': 946.0}, 'problem_id': 'cf649d7c-7b67-48e2-b0ef-1d0f2ec1043f', 'embedding_context': {'embedding': {(0, 2): (1253, 1605, 1249, 1613, 1621, 1629, 1637, 1377, 1505, 1633), (0, 1): (1886, 1878, 1874, 1234, 1746, 1362, 1490, 1618), (0, 3): (1219, 1347, 1758, 1750, 1742, 1475, 1603, 1731, 1734), (0, 4): (1252, 1244, 1465, 1337, 1236, 1228, 1220, 1212, 1209), (0, 5): (1254, 1464, 1211, 1336, 1208, 1246, 1238, 1230, 1222, 1214), (1, 5): (1251, 1507, 1379, 1380, 1372, 1339, 1364, 1340, 1348, 1356), (2, 5): (1509, 1353, 1481, 1501, 1469, 1477, 1485, 1493), (3, 5): (1630, 1881, 1241, 1369, 1753, 1625, 1497), (4, 5): (1508, 1467, 1468, 1476, 1500, 1492, 1484), (2, 1): (1622, 1232, 1872, 1744, 1360, 1488, 1616), (3, 1): (1506, 1378, 1381, 1341, 1373, 1365, 1357, 1349), (4, 1): (1225, 1215, 1223, 1231, 1504, 1376, 1248, 1255, 1239, 1247), (1, 2): (1606, 1614, 1224, 1480, 1352, 1628, 1620, 1612, 1608), (3, 2): (1610, 1482, 1374, 1226, 1350, 1366, 1354, 1358), (4, 2): (1383, 1466, 1338, 1343, 1375, 1367, 1359, 1351), (1, 3): (1217, 1345, 1473, 1601, 1729, 1885, 1877, 1869, 1861, 1857), (2, 3): (1491, 1245, 1363, 1235, 1221, 1229, 1237), (4, 3): (1216, 1884, 1876, 1868, 1860, 1344, 1472, 1600, 1728, 1856), (1, 4): (1623, 1631, 1883, 1755, 1627, 1243, 1371, 1499), (2, 4): (1749, 1757, 1880, 1752, 1240, 1368, 1496, 1624), (3, 4): (1859, 1218, 1346, 1887, 1879, 1871, 1474, 1602, 1730, 1858, 1863), (6, 6): (1510, 1502, 1494, 1486, 1470, 1478), (7, 7): (1495, 1503, 1882, 1242, 1370, 1754, 1626, 1498), (8, 8): (1756, 1748, 1873, 1745, 1233, 1361, 1489, 1617), (9, 9): (1227, 1867, 1355, 1483, 1759, 1751, 1743, 1611, 1739)}, 'chain_break_method': 'majority_vote', 'embedding_parameters': {}, 'chain_strength': 34.50815361527185}}
first Sample(sample={(0, 1): 0, (0, 2): 0, (0, 3): 0, (0, 4): 0, (0, 5): 1, (1, 2): 1, (1, 3): 0, (1, 4): 0, (1, 5): 0, (2, 1): 1, (2, 3): 0, (2, 4): 0, (2, 5): 0, (3, 1): 0, (3, 2): 0, (3, 4): 1, (3, 5): 0, (4, 1): 0, (4, 2): 0, (4, 3): 0, (4, 5): 0, (6, 6): 0, (7, 7): 0, (8, 8): 0, (9, 9): 0}, energy=-43.31999999999999, num_occurrences=1, chain_break_fraction=0.0)
-------------------Larange = 0.1, annealing_time = 45
Number of logical variables: 25
Number of physical qubits used in embedding: 207
sample info {'timing': {'qpu_sampling_time': 263940.0, 'qpu_anneal_time_per_sample': 45.0, 'qpu_readout_time_per_sample': 198.4, 'qpu_access_time': 275058.91, 'qpu_access_overhead_time': 2671.09, 'qpu_programming_time': 11118.91, 'qpu_delay_time_per_sample': 20.54, 'post_processing_overhead_time': 875.0, 'total_post_processing_time': 875.0}, 'problem_id': 'e62cf96a-15b6-4643-91b2-10081f32c23b', 'embedding_context': {'embedding': {(0, 2): (1086, 1078, 433, 1073, 561, 689, 945, 817), (0, 1): (672, 544, 543, 551, 575, 567, 559), (0, 3): (1077, 1085, 442, 570, 1082, 954, 826, 698), (0, 4): (540, 536, 664, 662, 702, 670, 694, 686, 678), (0, 5): (432, 560, 1072, 688, 944, 816), (1, 5): (794, 666, 538, 444, 436, 428, 420, 412, 410), (2, 5): (1067, 939, 427, 572, 811, 564, 556, 683, 555), (3, 5): (446, 438, 430, 422, 414, 793, 665, 537, 409), (4, 5): (534, 574, 566, 558, 550, 542), (2, 1): (530, 658, 663, 671, 679, 703, 695, 687), (3, 1): (419, 798, 547, 675, 803, 830, 822, 814, 806), (4, 1): (795, 667, 447, 439, 431, 423, 415, 539, 411), (1, 2): (535, 531, 659, 787, 789, 829, 821, 797, 813, 805), (3, 2): (958, 950, 1074, 946, 434, 562, 690, 818), (4, 2): (1087, 424, 552, 1079, 680, 808, 936, 1064, 1071), (1, 3): (951, 959, 1081, 441, 569, 697, 953, 825), (2, 3): (823, 831, 1083, 955, 443, 571, 699, 827), (4, 3): (425, 553, 681, 809, 937, 1065, 1084, 1076, 1068), (1, 4): (426, 796, 828, 804, 554, 682, 810, 820, 812), (2, 4): (948, 956, 440, 568, 1080, 952, 696, 824), (3, 4): (417, 957, 949, 941, 545, 673, 801, 929, 933), (6, 6): (657, 529, 573, 565, 557, 533, 541, 549), (7, 7): (676, 435, 563, 819, 700, 684, 692, 691), (8, 8): (445, 437, 429, 421, 802, 674, 546, 418), (9, 9): (701, 528, 656, 661, 693, 685, 677, 669)}, 'chain_break_method': 'majority_vote', 'embedding_parameters': {}, 'chain_strength': 34.50815361527185}}
first Sample(sample={(0, 1): 0, (0, 2): 0, (0, 3): 0, (0, 4): 0, (0, 5): 1, (1, 2): 0, (1, 3): 0, (1, 4): 0, (1, 5): 1, (2, 1): 1, (2, 3): 0, (2, 4): 0, (2, 5): 0, (3, 1): 0, (3, 2): 0, (3, 4): 1, (3, 5): 0, (4, 1): 0, (4, 2): 1, (4, 3): 0, (4, 5): 0, (6, 6): 0, (7, 7): 0, (8, 8): 0, (9, 9): 0}, energy=-43.339999999999996, num_occurrences=1, chain_break_fraction=0.04)
-------------------Larange = 0.15, annealing_time = 5
Number of logical variables: 25
Number of physical qubits used in embedding: 223
sample info {'timing': {'qpu_sampling_time': 223940.0, 'qpu_anneal_time_per_sample': 5.0, 'qpu_readout_time_per_sample': 198.4, 'qpu_access_time': 235058.91, 'qpu_access_overhead_time': 3361.09, 'qpu_programming_time': 11118.91, 'qpu_delay_time_per_sample': 20.54, 'post_processing_overhead_time': 1444.0, 'total_post_processing_time': 1444.0}, 'problem_id': '96428eb5-85da-4985-a6ac-6e010eb1d539', 'embedding_context': {'embedding': {(0, 2): (1839, 1831, 1823, 1945, 1817, 1305, 1433, 1561, 1689), (0, 1): (1725, 1820, 1828, 1836, 1844, 1337, 1465, 1593, 1721, 1849, 1852), (0, 3): (1719, 1711, 1824, 1703, 1312, 1440, 1568, 1696), (0, 4): (1321, 1948, 1956, 1964, 1961, 1833, 1449, 1577, 1705), (0, 5): (1342, 1334, 1302, 1310, 1326, 1318), (1, 5): (1840, 1328, 1694, 1702, 1710, 1718, 1456, 1584, 1712), (2, 5): (1306, 1301, 1309, 1341, 1333, 1325, 1317), (3, 5): (1564, 1572, 1580, 1339, 1467, 1595, 1588, 1594, 1596), (4, 5): (1837, 1307, 1435, 1563, 1829, 1821, 1947, 1819, 1691), (2, 1): (1329, 1822, 1457, 1585, 1713, 1841, 1830, 1838, 1843, 1846), (3, 1): (1966, 1950, 1958, 1954, 1314, 1442, 1570, 1698, 1826), (4, 1): (1949, 1957, 1717, 1330, 1458, 1586, 1714, 1842, 1970, 1973, 1965), (1, 2): (1816, 1688, 1692, 1700, 1708, 1331, 1459, 1587, 1715, 1716), (3, 2): (1298, 1598, 1590, 1582, 1574, 1566, 1558, 1554, 1426), (4, 2): (1350, 1347, 1351, 1343, 1335, 1327, 1303, 1311, 1319), (1, 3): (1695, 1434, 1297, 1425, 1553, 1681, 1685, 1562, 1946, 1818, 1690, 1693), (2, 3): (1967, 1951, 1959, 1313, 1441, 1569, 1953, 1825, 1697), (4, 3): (1336, 1464, 1470, 1462, 1430, 1438, 1446, 1454), (1, 4): (1597, 1322, 1589, 1450, 1565, 1573, 1578, 1581), (2, 4): (1592, 1599, 1299, 1427, 1555, 1559, 1567, 1591, 1583, 1575), (3, 4): (1296, 1424, 1431, 1439, 1447, 1455, 1463, 1471), (6, 6): (1709, 1315, 1827, 1701, 1699, 1443, 1571), (7, 7): (1469, 1560, 1461, 1453, 1304, 1432, 1437, 1445), (8, 8): (1576, 1428, 1468, 1460, 1436, 1444, 1451, 1320, 1448, 1452), (9, 9): (1466, 1338, 1340, 1332, 1324, 1300, 1308, 1316)}, 'chain_break_method': 'majority_vote', 'embedding_parameters': {}, 'chain_strength': 51.762230422907756}}
first Sample(sample={(0, 1): 0, (0, 2): 0, (0, 3): 1, (0, 4): 0, (0, 5): 0, (1, 2): 0, (1, 3): 0, (1, 4): 0, (1, 5): 1, (2, 1): 0, (2, 3): 0, (2, 4): 1, (2, 5): 0, (3, 1): 0, (3, 2): 0, (3, 4): 0, (3, 5): 0, (4, 1): 1, (4, 2): 0, (4, 3): 0, (4, 5): 0, (6, 6): 0, (7, 7): 0, (8, 8): 0, (9, 9): 0}, energy=-54.85999999999999, num_occurrences=1, chain_break_fraction=0.08)
-------------------Larange = 0.15, annealing_time = 15
Number of logical variables: 25
Number of physical qubits used in embedding: 211
sample info {'timing': {'qpu_sampling_time': 233940.0, 'qpu_anneal_time_per_sample': 15.0, 'qpu_readout_time_per_sample': 198.4, 'qpu_access_time': 245133.71, 'qpu_access_overhead_time': 3325.29, 'qpu_programming_time': 11193.71, 'qpu_delay_time_per_sample': 20.54, 'post_processing_overhead_time': 779.0, 'total_post_processing_time': 779.0}, 'problem_id': '85197866-3a99-4b44-80b3-1e1e8d9b42a0', 'embedding_context': {'embedding': {(0, 2): (460, 730, 90, 468, 218, 346, 476, 602, 474), (0, 1): (68, 76, 84, 108, 100, 92), (0, 3): (365, 98, 333, 226, 354, 341, 349, 357), (0, 4): (463, 487, 89, 217, 601, 471, 479, 473, 345), (0, 5): (588, 75, 203, 715, 331, 459, 587), (1, 5): (590, 367, 598, 614, 606, 106, 234, 362, 490, 618, 622), (2, 5): (323, 67, 238, 195, 230, 222, 214, 206, 198), (3, 5): (727, 720, 80, 208, 719, 336, 592, 464), (4, 5): (366, 358, 350, 329, 342, 72, 200, 328, 334), (2, 1): (717, 725, 733, 99, 227, 355, 483, 611, 739, 741), (3, 1): (64, 70, 78, 86, 110, 102, 94), (4, 1): (593, 596, 96, 224, 352, 480, 608, 612, 604), (1, 2): (69, 201, 73, 109, 101, 93, 77, 85), (3, 2): (461, 105, 233, 361, 489, 493, 485, 469, 477), (4, 2): (337, 207, 81, 239, 209, 231, 223, 215), (1, 3): (66, 194, 197, 205, 237, 213, 221, 229), (2, 3): (462, 609, 97, 225, 353, 470, 478, 486, 481), (4, 3): (589, 597, 83, 211, 339, 723, 595, 467), (1, 4): (716, 724, 722, 594, 82, 210, 338, 466), (2, 4): (196, 204, 107, 212, 220, 235, 236, 228), (3, 4): (104, 71, 111, 79, 87, 103, 95), (6, 6): (718, 91, 219, 347, 475, 726, 603, 731, 734), (7, 7): (335, 359, 343, 472, 351, 88, 216, 344), (8, 8): (600, 615, 74, 202, 330, 458, 586, 591, 599, 607), (9, 9): (364, 65, 356, 348, 340, 193, 321, 324, 332)}, 'chain_break_method': 'majority_vote', 'embedding_parameters': {}, 'chain_strength': 51.762230422907756}}
first Sample(sample={(0, 1): 0, (0, 2): 1, (0, 3): 0, (0, 4): 0, (0, 5): 0, (1, 2): 0, (1, 3): 0, (1, 4): 0, (1, 5): 1, (2, 1): 1, (2, 3): 0, (2, 4): 0, (2, 5): 0, (3, 1): 0, (3, 2): 0, (3, 4): 0, (3, 5): 0, (4, 1): 0, (4, 2): 0, (4, 3): 0, (4, 5): 0, (6, 6): 0, (7, 7): 0, (8, 8): 0, (9, 9): 0}, energy=-54.17999999999999, num_occurrences=1, chain_break_fraction=0.04)
-------------------Larange = 0.15, annealing_time = 25
Number of logical variables: 25
Number of physical qubits used in embedding: 218
sample info {'timing': {'qpu_sampling_time': 243940.0, 'qpu_anneal_time_per_sample': 25.0, 'qpu_readout_time_per_sample': 198.4, 'qpu_access_time': 255128.11, 'qpu_access_overhead_time': 2599.89, 'qpu_programming_time': 11188.11, 'qpu_delay_time_per_sample': 20.54, 'post_processing_overhead_time': 757.0, 'total_post_processing_time': 757.0}, 'problem_id': '2753fd19-3128-45e9-ad18-dddd24762a05', 'embedding_context': {'embedding': {(0, 2): (737, 724, 508, 732, 740, 748, 756, 764, 761, 633, 505), (0, 1): (859, 219, 731, 347, 604, 603, 475), (0, 3): (628, 620, 725, 733, 864, 741, 736, 480, 612, 608), (0, 4): (727, 735, 488, 616, 360, 743, 751, 744), (0, 5): (342, 753, 625, 497, 369, 374, 350, 358, 366), (1, 5): (506, 634, 378, 597, 605, 613, 637, 629, 621), (2, 5): (875, 853, 361, 489, 745, 861, 617, 869, 849, 877, 873), (3, 5): (371, 499, 726, 734, 742, 750, 758, 883, 627, 755), (4, 5): (886, 878, 870, 862, 854, 596, 851, 211, 339, 467, 595, 723), (2, 1): (747, 214, 222, 230, 238, 619, 491, 363, 235), (3, 1): (498, 471, 479, 370, 487, 511, 503, 495), (4, 1): (355, 611, 483, 500, 468, 476, 492, 484), (1, 2): (860, 857, 217, 729, 345, 473, 601), (3, 2): (746, 341, 349, 618, 373, 357, 490, 362, 365), (4, 2): (351, 218, 346, 474, 858, 730, 602), (1, 3): (377, 383, 375, 367, 213, 221, 229, 224, 352, 359), (2, 3): (216, 856, 728, 344, 472, 600), (4, 3): (379, 507, 510, 470, 478, 502, 494, 486), (1, 4): (364, 340, 348, 356, 738, 866, 354, 610, 482), (2, 4): (368, 496, 624, 598, 606, 614, 638, 630, 622), (3, 4): (721, 465, 220, 212, 593, 209, 343, 337), (6, 6): (871, 210, 338, 863, 855, 466, 594, 722, 850), (7, 7): (631, 599, 607, 623, 353, 481, 609, 615), (8, 8): (848, 720, 592, 223, 215, 208, 464, 336), (9, 9): (376, 504, 509, 501, 469, 477, 485, 493)}, 'chain_break_method': 'majority_vote', 'embedding_parameters': {}, 'chain_strength': 51.762230422907756}}
first Sample(sample={(0, 1): 0, (0, 2): 0, (0, 3): 1, (0, 4): 0, (0, 5): 0, (1, 2): 0, (1, 3): 0, (1, 4): 0, (1, 5): 1, (2, 1): 0, (2, 3): 0, (2, 4): 0, (2, 5): 0, (3, 1): 0, (3, 2): 0, (3, 4): 1, (3, 5): 0, (4, 1): 0, (4, 2): 1, (4, 3): 0, (4, 5): 0, (6, 6): 0, (7, 7): 0, (8, 8): 0, (9, 9): 0}, energy=-59.82, num_occurrences=1, chain_break_fraction=0.0)
-------------------Larange = 0.15, annealing_time = 35
Number of logical variables: 25
Number of physical qubits used in embedding: 203
sample info {'timing': {'qpu_sampling_time': 253940.0, 'qpu_anneal_time_per_sample': 35.0, 'qpu_readout_time_per_sample': 198.4, 'qpu_access_time': 265115.51, 'qpu_access_overhead_time': 2563.49, 'qpu_programming_time': 11175.51, 'qpu_delay_time_per_sample': 20.54, 'post_processing_overhead_time': 1241.0, 'total_post_processing_time': 1241.0}, 'problem_id': 'f2c497f3-18d0-4a97-a944-6f4341b711c3', 'embedding_context': {'embedding': {(0, 2): (984, 1112, 1240, 1277, 1269, 1261, 1237, 1245, 1253), (0, 1): (1151, 1135, 1233, 1127, 1119, 1111, 1143, 1105), (0, 3): (618, 746, 1258, 1130, 1002, 874), (0, 4): (1108, 1241, 1148, 1113, 1116, 1140, 1132, 1124), (0, 5): (976, 1104, 1232, 1278, 1238, 1270, 1246, 1254, 1262), (1, 5): (860, 868, 876, 1275, 858, 1147, 1019, 891, 884, 892), (2, 5): (749, 757, 625, 1265, 1137, 1009, 753, 887, 881), (3, 5): (988, 1251, 1123, 995, 1020, 1012, 1004, 996), (4, 5): (1023, 1243, 1115, 991, 987, 1015, 1007, 999), (2, 1): (882, 1010, 1266, 1138, 1150, 1134, 1142), (3, 1): (1274, 1146, 1018, 890, 762, 634, 622, 630, 638), (4, 1): (759, 751, 1256, 616, 744, 1128, 1000, 872), (1, 2): (750, 758, 627, 755, 1267, 1139, 1011, 883), (3, 2): (982, 990, 1122, 1022, 1014, 1006, 998, 994), (4, 2): (978, 1106, 1234, 1236, 1276, 1268, 1244, 1252, 1260), (1, 3): (1235, 1107, 1109, 1117, 1149, 1141, 1133, 1125), (2, 3): (623, 631, 1264, 1136, 624, 752, 1008, 880), (4, 3): (894, 886, 1121, 993, 865, 878, 1249, 870), (1, 4): (1250, 1279, 1271, 1239, 1247, 1255, 1263), (2, 4): (748, 619, 1259, 1131, 1003, 747, 875), (3, 4): (879, 617, 745, 1257, 1129, 1001, 873), (6, 6): (1021, 1013, 1005, 997, 989, 1242, 1114, 986), (7, 7): (1273, 1145, 1017, 889, 761, 633, 620, 628, 636), (8, 8): (893, 885, 877, 1120, 992, 864, 1248, 869), (9, 9): (1272, 621, 629, 1144, 1016, 888, 760, 632, 637)}, 'chain_break_method': 'majority_vote', 'embedding_parameters': {}, 'chain_strength': 51.762230422907756}}
first Sample(sample={(0, 1): 0, (0, 2): 0, (0, 3): 0, (0, 4): 0, (0, 5): 1, (1, 2): 1, (1, 3): 0, (1, 4): 0, (1, 5): 0, (2, 1): 1, (2, 3): 0, (2, 4): 0, (2, 5): 0, (3, 1): 0, (3, 2): 0, (3, 4): 0, (3, 5): 0, (4, 1): 0, (4, 2): 0, (4, 3): 1, (4, 5): 0, (6, 6): 0, (7, 7): 0, (8, 8): 0, (9, 9): 0}, energy=-59.48, num_occurrences=1, chain_break_fraction=0.0)
-------------------Larange = 0.15, annealing_time = 45
Number of logical variables: 25
Number of physical qubits used in embedding: 208
sample info {'timing': {'qpu_sampling_time': 263940.0, 'qpu_anneal_time_per_sample': 45.0, 'qpu_readout_time_per_sample': 198.4, 'qpu_access_time': 275111.51, 'qpu_access_overhead_time': 3610.49, 'qpu_programming_time': 11171.51, 'qpu_delay_time_per_sample': 20.54, 'post_processing_overhead_time': 877.0, 'total_post_processing_time': 877.0}, 'problem_id': '0e229876-86be-4d3e-b38c-f8d721b86d92', 'embedding_context': {'embedding': {(0, 2): (1014, 1006, 998, 990, 1488, 1360, 1232, 1104, 976, 982), (0, 1): (1644, 1652, 1650, 1522, 1394, 1266, 1010, 1138), (0, 3): (1487, 1495, 1504, 1527, 1519, 1511, 1503), (0, 4): (1486, 1494, 1526, 1518, 1510, 1502), (0, 5): (1114, 1399, 1498, 1242, 1370, 1391, 986, 1367, 1375, 1383), (1, 5): (1356, 1364, 1505, 1377, 1372, 1396, 1388, 1380), (2, 5): (1012, 1004, 996, 988, 1489, 1361, 1233, 1105, 977, 980), (3, 5): (1482, 1485, 1493, 1501, 1525, 1517, 1509), (4, 5): (1015, 1007, 999, 991, 1497, 1369, 1241, 1113, 985), (2, 1): (1520, 1008, 1141, 1392, 1264, 1136), (3, 1): (1140, 1132, 1003, 1515, 1387, 1259, 1131), (4, 1): (1648, 1655, 1647, 1641, 1513, 1001, 1129, 1257, 1385), (1, 2): (1357, 1365, 1496, 1368, 1397, 1389, 1381, 1373), (3, 2): (1490, 1524, 1484, 1516, 1492, 1500, 1508), (4, 2): (1229, 1269, 1261, 1253, 1237, 1245, 1243, 1371, 1499), (1, 3): (1507, 1231, 1271, 1263, 1239, 1247, 1379, 1251, 1255), (2, 3): (1133, 1654, 1646, 1000, 1128, 1256, 1384, 1512, 1640), (4, 3): (1653, 1009, 1649, 1137, 1521, 1265, 1393), (1, 4): (1514, 1002, 1130, 1386, 1268, 1260, 1258), (2, 4): (1491, 1363, 1235, 1107, 1013, 1005, 997, 989, 981, 979), (3, 4): (1651, 1011, 1523, 1139, 1267, 1395), (6, 6): (1249, 1480, 1352, 1224, 1270, 1262, 1254, 1246, 1238, 1230), (7, 7): (1353, 1097, 1225, 1142, 1134, 1126, 1118, 1110, 1481, 1102), (8, 8): (1358, 1366, 1506, 1378, 1398, 1374, 1390, 1382), (9, 9): (1123, 1483, 1355, 1227, 1099, 1143, 1135, 1127, 1119, 1111, 1103)}, 'chain_break_method': 'majority_vote', 'embedding_parameters': {}, 'chain_strength': 51.762230422907756}}
first Sample(sample={(0, 1): 0, (0, 2): 0, (0, 3): 1, (0, 4): 0, (0, 5): 0, (1, 2): 0, (1, 3): 0, (1, 4): 0, (1, 5): 1, (2, 1): 0, (2, 3): 0, (2, 4): 1, (2, 5): 0, (3, 1): 0, (3, 2): 0, (3, 4): 0, (3, 5): 0, (4, 1): 0, (4, 2): 1, (4, 3): 0, (4, 5): 0, (6, 6): 0, (7, 7): 0, (8, 8): 0, (9, 9): 0}, energy=-58.82, num_occurrences=1, chain_break_fraction=0.04)
-------------------Larange = 0.2, annealing_time = 5
Number of logical variables: 25
Number of physical qubits used in embedding: 206
sample info {'timing': {'qpu_sampling_time': 223940.0, 'qpu_anneal_time_per_sample': 5.0, 'qpu_readout_time_per_sample': 198.4, 'qpu_access_time': 235125.51, 'qpu_access_overhead_time': 2600.49, 'qpu_programming_time': 11185.51, 'qpu_delay_time_per_sample': 20.54, 'post_processing_overhead_time': 690.0, 'total_post_processing_time': 690.0}, 'problem_id': '0de2b1a9-7323-4788-af39-c45916df9c45', 'embedding_context': {'embedding': {(0, 2): (646, 1, 129, 641, 513, 385, 257), (0, 1): (402, 146, 274, 262, 270, 294, 286, 278), (0, 3): (389, 397, 405, 413, 421, 163, 291, 419), (0, 4): (422, 152, 280, 390, 398, 406, 414, 408), (0, 5): (300, 161, 289, 292, 260, 268, 276, 284), (1, 5): (516, 2, 642, 130, 258, 514, 386), (2, 5): (647, 26, 655, 663, 154, 282, 410, 538, 666, 671), (3, 5): (170, 132, 172, 164, 140, 148, 156), (4, 5): (391, 168, 296, 399, 407, 415, 423, 431, 424), (2, 1): (418, 290, 162, 34, 5, 13, 21, 29, 37), (3, 1): (519, 643, 515, 3, 131, 387, 259), (4, 1): (23, 17, 145, 273, 401, 529, 644, 652, 660, 657), (1, 2): (528, 400, 272, 144, 165, 157, 133, 141, 149), (3, 2): (169, 297, 263, 271, 303, 295, 287, 279), (4, 2): (648, 8, 136, 517, 525, 520, 264, 392), (1, 3): (667, 27, 155, 283, 518, 526, 534, 411, 539, 542), (2, 3): (299, 171, 175, 135, 143, 151, 159, 167), (4, 3): (285, 277, 261, 269, 11, 139, 395, 267), (1, 4): (0, 128, 256, 640, 512, 384), (2, 4): (649, 521, 7, 15, 393, 265, 137, 9), (3, 4): (4, 12, 20, 416, 288, 160, 32, 28, 36), (6, 6): (650, 522, 394, 266, 6, 14, 10, 138), (7, 7): (134, 174, 166, 142, 150, 158), (8, 8): (645, 653, 661, 669, 25, 153, 281, 409, 537, 665), (9, 9): (147, 427, 275, 428, 420, 403, 412, 388, 396, 404)}, 'chain_break_method': 'majority_vote', 'embedding_parameters': {}, 'chain_strength': 69.0163072305437}}
first Sample(sample={(0, 1): 0, (0, 2): 0, (0, 3): 0, (0, 4): 0, (0, 5): 1, (1, 2): 1, (1, 3): 0, (1, 4): 0, (1, 5): 0, (2, 1): 0, (2, 3): 0, (2, 4): 0, (2, 5): 0, (3, 1): 0, (3, 2): 0, (3, 4): 1, (3, 5): 0, (4, 1): 0, (4, 2): 0, (4, 3): 1, (4, 5): 0, (6, 6): 0, (7, 7): 0, (8, 8): 0, (9, 9): 0}, energy=-77.63999999999999, num_occurrences=1, chain_break_fraction=0.04)
-------------------Larange = 0.2, annealing_time = 15
Number of logical variables: 25
Number of physical qubits used in embedding: 199
sample info {'timing': {'qpu_sampling_time': 233940.0, 'qpu_anneal_time_per_sample': 15.0, 'qpu_readout_time_per_sample': 198.4, 'qpu_access_time': 245047.91, 'qpu_access_overhead_time': 2322.09, 'qpu_programming_time': 11107.91, 'qpu_delay_time_per_sample': 20.54, 'post_processing_overhead_time': 2324.0, 'total_post_processing_time': 2324.0}, 'problem_id': '2d553269-f616-4faf-9370-e178831a4cb0', 'embedding_context': {'embedding': {(0, 2): (211, 220, 180, 188, 196, 204, 212), (0, 1): (463, 51, 179, 307, 435, 455, 447, 439), (0, 3): (182, 190, 222, 214, 206, 198), (0, 4): (701, 709, 706, 66, 578, 194, 322, 450), (0, 5): (581, 703, 705, 711, 65, 193, 577, 321, 449), (1, 5): (336, 311, 89, 217, 319, 327, 335, 343, 351, 345), (2, 5): (219, 91, 54, 94, 62, 70, 86, 78), (3, 5): (72, 200, 700, 708, 716, 712, 328, 456, 584), (4, 5): (218, 90, 52, 92, 84, 60, 68, 76), (2, 1): (216, 88, 81, 93, 53, 61, 85, 69, 77), (3, 1): (208, 80, 87, 55, 63, 71, 79), (4, 1): (332, 451, 308, 316, 324, 67, 195, 323), (1, 2): (221, 213, 309, 317, 325, 209, 337, 341, 333), (3, 2): (572, 75, 203, 331, 580, 588, 459, 587), (4, 2): (202, 223, 183, 191, 199, 215, 207), (1, 3): (432, 334, 326, 318, 48, 176, 304, 310), (2, 3): (443, 315, 205, 197, 189, 59, 187), (4, 3): (438, 699, 571, 178, 50, 306, 434, 562, 567, 575), (1, 4): (696, 56, 568, 184, 312, 440), (2, 4): (468, 460, 452, 444, 49, 177, 305, 433, 436), (3, 4): (64, 702, 704, 576, 710, 192, 320, 448), (6, 6): (437, 82, 445, 453, 461, 469, 466, 338, 210), (7, 7): (73, 201, 329, 457, 446, 454, 462), (8, 8): (573, 58, 698, 186, 570, 442, 314), (9, 9): (574, 697, 569, 441, 57, 185, 313)}, 'chain_break_method': 'majority_vote', 'embedding_parameters': {}, 'chain_strength': 69.0163072305437}}
first Sample(sample={(0, 1): 0, (0, 2): 0, (0, 3): 1, (0, 4): 0, (0, 5): 0, (1, 2): 0, (1, 3): 0, (1, 4): 0, (1, 5): 1, (2, 1): 0, (2, 3): 0, (2, 4): 1, (2, 5): 0, (3, 1): 0, (3, 2): 0, (3, 4): 0, (3, 5): 0, (4, 1): 0, (4, 2): 1, (4, 3): 0, (4, 5): 0, (6, 6): 0, (7, 7): 0, (8, 8): 0, (9, 9): 0}, energy=-75.76, num_occurrences=1, chain_break_fraction=0.0)
-------------------Larange = 0.2, annealing_time = 25
Number of logical variables: 25
Number of physical qubits used in embedding: 210
sample info {'timing': {'qpu_sampling_time': 243940.0, 'qpu_anneal_time_per_sample': 25.0, 'qpu_readout_time_per_sample': 198.4, 'qpu_access_time': 255088.91, 'qpu_access_overhead_time': 2619.09, 'qpu_programming_time': 11148.91, 'qpu_delay_time_per_sample': 20.54, 'post_processing_overhead_time': 2405.0, 'total_post_processing_time': 2405.0}, 'problem_id': 'f6f7192d-893b-4c5b-9944-90c6ffa772a3', 'embedding_context': {'embedding': {(0, 2): (1454, 1462, 1470, 1986, 1858, 1730, 1602, 1474, 1478), (0, 1): (1448, 1701, 1717, 1576, 1960, 1832, 1709, 1704), (0, 3): (1979, 1830, 1838, 1851, 1846, 1862, 1870, 1854), (0, 4): (1962, 1956, 1996, 1964, 1988, 1980, 1972), (0, 5): (1740, 1732, 1724, 1716, 1955, 1827, 1699, 1700, 1708), (1, 5): (1327, 1335, 1330, 1458, 1970, 1842, 1714, 1586), (2, 5): (2007, 2005, 1997, 1957, 1965, 2003, 1989, 1981, 1973), (3, 5): (1831, 1984, 1856, 1871, 1839, 1847, 1855, 1863), (4, 5): (1325, 1328, 1456, 1968, 1840, 1333, 1712, 1584), (2, 1): (1828, 1836, 1844, 1992, 1864, 1868, 1852, 1860), (3, 1): (1455, 1463, 1471, 1465, 1725, 1977, 1721, 1849, 1593), (4, 1): (1575, 1994, 1866, 1583, 1591, 1599, 1607, 1738, 1610, 1615), (1, 2): (1572, 1580, 1588, 1596, 1993, 1865, 1737, 1609, 1604, 1612), (3, 2): (1742, 1734, 1726, 1718, 1953, 1825, 1697, 1702, 1710), (4, 2): (1326, 1969, 1329, 1457, 1841, 1334, 1713, 1585), (1, 3): (1446, 1469, 1461, 1453, 1445, 1442, 1954, 1826, 1698, 1570), (2, 3): (1324, 1963, 1332, 1707, 1323, 1451, 1835, 1579), (4, 3): (1959, 1967, 1999, 1991, 1983, 1975), (1, 4): (1444, 1460, 1331, 1452, 1971, 1459, 1843, 1715, 1587), (2, 4): (1829, 1837, 1845, 1978, 1850, 1869, 1861, 1853), (3, 4): (1574, 1582, 1867, 1598, 1606, 1590, 1739, 1611, 1995, 1614), (6, 6): (1473, 1573, 1985, 1857, 1729, 1601, 1581, 1589, 1597, 1605), (7, 7): (1958, 1987, 1998, 1990, 1966, 1974, 1982), (8, 8): (1711, 1976, 1719, 1727, 1464, 1592, 1848, 1720), (9, 9): (1321, 1961, 1833, 1705, 1449, 1577)}, 'chain_break_method': 'majority_vote', 'embedding_parameters': {}, 'chain_strength': 69.0163072305437}}
first Sample(sample={(0, 1): 0, (0, 2): 0, (0, 3): 0, (0, 4): 0, (0, 5): 1, (1, 2): 1, (1, 3): 0, (1, 4): 0, (1, 5): 0, (2, 1): 1, (2, 3): 0, (2, 4): 0, (2, 5): 0, (3, 1): 0, (3, 2): 0, (3, 4): 1, (3, 5): 0, (4, 1): 0, (4, 2): 0, (4, 3): 0, (4, 5): 0, (6, 6): 0, (7, 7): 0, (8, 8): 0, (9, 9): 0}, energy=-77.63999999999999, num_occurrences=1, chain_break_fraction=0.04)
-------------------Larange = 0.2, annealing_time = 35
Number of logical variables: 25
Number of physical qubits used in embedding: 203
sample info {'timing': {'qpu_sampling_time': 253940.0, 'qpu_anneal_time_per_sample': 35.0, 'qpu_readout_time_per_sample': 198.4, 'qpu_access_time': 265138.51, 'qpu_access_overhead_time': 2578.49, 'qpu_programming_time': 11198.51, 'qpu_delay_time_per_sample': 20.54, 'post_processing_overhead_time': 4247.0, 'total_post_processing_time': 4247.0}, 'problem_id': '20b260ce-9211-40e9-8294-f901d9c2813b', 'embedding_context': {'embedding': {(0, 2): (1361, 1233, 1105, 1109, 1149, 1141, 1133, 1117, 1125), (0, 1): (1404, 1377, 1238, 1396, 1388, 1380, 1234, 1362, 1364, 1372), (0, 3): (877, 1506, 869, 866, 994, 1378, 1250, 1122), (0, 4): (1106, 1151, 1143, 1135, 1127, 1119, 1111), (0, 5): (1406, 1112, 1240, 1368, 1374, 1398, 1390, 1382), (1, 5): (875, 1003, 1397, 1381, 1389, 1515, 1131, 1259, 1387), (2, 5): (1239, 1144, 1272, 1279, 1247, 1255, 1263, 1271), (3, 5): (1011, 1139, 1267, 1395, 1511, 1519, 1527, 1523), (4, 5): (1115, 1278, 1243, 1246, 1270, 1262, 1254), (2, 1): (1383, 1147, 1391, 1399, 1275, 1403, 1407), (3, 1): (1522, 1006, 1394, 1014, 998, 1266, 1138, 1010), (4, 1): (1012, 996, 1513, 1385, 1257, 1004, 1001, 1129), (1, 2): (864, 871, 879, 874, 1002, 1514, 1386, 1258, 1130), (3, 2): (1013, 1005, 1504, 997, 992, 1376, 1248, 1120), (4, 2): (1533, 1508, 1516, 1524, 1146, 1274, 1402, 1530, 1532), (1, 3): (1369, 1276, 1268, 1260, 1113, 1241, 1244, 1252), (2, 3): (1277, 1269, 1121, 1245, 1249, 1261, 1253), (4, 3): (1235, 1107, 1150, 1110, 1118, 1142, 1134, 1126), (1, 4): (1512, 1384, 1256, 878, 872, 1128, 1000), (2, 4): (1375, 1525, 1114, 1242, 1370, 1498, 1501, 1509, 1517), (3, 4): (1520, 868, 1392, 1264, 1136, 1008, 876, 884, 880), (6, 6): (870, 867, 1507, 1379, 1251, 1123, 995), (7, 7): (999, 1007, 1015, 1009, 1521, 1393, 1265, 1137), (8, 8): (1232, 1104, 1108, 1148, 1140, 1132, 1116, 1124), (9, 9): (1505, 1510, 1273, 1401, 1529, 1534, 1518, 1145, 1526)}, 'chain_break_method': 'majority_vote', 'embedding_parameters': {}, 'chain_strength': 69.0163072305437}}
first Sample(sample={(0, 1): 0, (0, 2): 0, (0, 3): 0, (0, 4): 0, (0, 5): 1, (1, 2): 0, (1, 3): 0, (1, 4): 0, (1, 5): 1, (2, 1): 1, (2, 3): 0, (2, 4): 0, (2, 5): 0, (3, 1): 0, (3, 2): 0, (3, 4): 0, (3, 5): 0, (4, 1): 0, (4, 2): 0, (4, 3): 1, (4, 5): 0, (6, 6): 0, (7, 7): 0, (8, 8): 0, (9, 9): 0}, energy=-74.44, num_occurrences=1, chain_break_fraction=0.0)
-------------------Larange = 0.2, annealing_time = 45
Number of logical variables: 25
Number of physical qubits used in embedding: 214
sample info {'timing': {'qpu_sampling_time': 263940.0, 'qpu_anneal_time_per_sample': 45.0, 'qpu_readout_time_per_sample': 198.4, 'qpu_access_time': 275071.71, 'qpu_access_overhead_time': 3129.29, 'qpu_programming_time': 11131.71, 'qpu_delay_time_per_sample': 20.54, 'post_processing_overhead_time': 2412.0, 'total_post_processing_time': 2412.0}, 'problem_id': 'b0dcea80-6a0a-4dd0-b17f-a7d7aef1bed6', 'embedding_context': {'embedding': {(0, 2): (1606, 1954, 1598, 1590, 1582, 1574, 1826, 1698, 1570), (0, 1): (1991, 1951, 1959, 1967, 1978, 1983, 1975), (0, 3): (1960, 1832, 1734, 1726, 1576, 1718, 1710, 1704), (0, 4): (1573, 1984, 1581, 1589, 1597, 1856, 1728, 1600, 1605), (0, 5): (1987, 1859, 1731, 1603, 1475, 1478, 1470, 1454, 1462, 1715, 1459, 1587), (1, 5): (1963, 1835, 1580, 1323, 1451, 1707, 1579), (2, 5): (1977, 1337, 1849, 1721, 1455, 1463, 1471, 1465, 1593), (3, 5): (1948, 1971, 1956, 1964, 1988, 1980, 1972), (4, 5): (1325, 1333, 1341, 1349, 1985, 1857, 1729, 1601, 1473, 1345), (2, 1): (1989, 1949, 1957, 1981, 1973, 1965), (3, 1): (1823, 1863, 1831, 1839, 1979, 1851, 1855, 1847), (4, 1): (1732, 1724, 1571, 1716, 1708, 1700, 1955, 1827, 1699), (1, 2): (1452, 1460, 1986, 1858, 1730, 1602, 1474, 1476, 1468), (3, 2): (1324, 1332, 1328, 1588, 1968, 1456, 1840, 1712, 1584), (4, 2): (1825, 1697, 1569, 1441, 1313, 1318, 1953, 1448, 1320, 1326), (1, 3): (1691, 1947, 1819, 1821, 1861, 1853, 1845, 1843, 1837, 1829), (2, 3): (1820, 1828, 1860, 1976, 1848, 1852, 1844, 1836), (4, 3): (1961, 1321, 1449, 1833, 1705, 1577), (1, 4): (1453, 1461, 1329, 1457, 1969, 1841, 1713, 1585), (2, 4): (1733, 1725, 1717, 1709, 1946, 1818, 1690, 1693, 1701), (3, 4): (1970, 1842, 1714, 1327, 1335, 1330, 1458, 1586), (6, 6): (1607, 1822, 1599, 1591, 1583, 1944, 1816, 1688, 1560, 1567, 1575), (7, 7): (1696, 1862, 1952, 1854, 1846, 1824, 1830, 1838), (8, 8): (1950, 1958, 1990, 1962, 1966, 1982, 1974), (9, 9): (1945, 1817, 1689, 1695, 1322, 1450, 1578, 1706, 1711, 1703)}, 'chain_break_method': 'majority_vote', 'embedding_parameters': {}, 'chain_strength': 69.0163072305437}}
first Sample(sample={(0, 1): 0, (0, 2): 0, (0, 3): 1, (0, 4): 0, (0, 5): 0, (1, 2): 0, (1, 3): 0, (1, 4): 0, (1, 5): 1, (2, 1): 0, (2, 3): 0, (2, 4): 0, (2, 5): 0, (3, 1): 0, (3, 2): 0, (3, 4): 1, (3, 5): 0, (4, 1): 0, (4, 2): 1, (4, 3): 0, (4, 5): 0, (6, 6): 0, (7, 7): 0, (8, 8): 0, (9, 9): 0}, energy=-76.76, num_occurrences=1, chain_break_fraction=0.04)
-------------------Larange = 0.25, annealing_time = 5
Number of logical variables: 25
Number of physical qubits used in embedding: 210
sample info {'timing': {'qpu_sampling_time': 223940.0, 'qpu_anneal_time_per_sample': 5.0, 'qpu_readout_time_per_sample': 198.4, 'qpu_access_time': 235132.11, 'qpu_access_overhead_time': 5661.89, 'qpu_programming_time': 11192.11, 'qpu_delay_time_per_sample': 20.54, 'post_processing_overhead_time': 2375.0, 'total_post_processing_time': 2375.0}, 'problem_id': 'fd2fac8f-fce5-4a0f-995c-d7e07c4e8a5a', 'embedding_context': {'embedding': {(0, 2): (471, 347, 475, 479, 511, 503, 495, 487), (0, 1): (749, 757, 371, 499, 627, 755, 1011, 883), (0, 3): (345, 638, 630, 622, 614, 473, 601, 606), (0, 4): (378, 1015, 1023, 506, 634, 762, 1007, 890, 1018), (0, 5): (346, 474, 602, 730, 858, 860, 868, 892, 884, 876), (1, 5): (477, 624, 509, 368, 496, 485, 493, 501), (2, 5): (877, 885, 379, 507, 635, 763, 891, 893), (3, 5): (1000, 872, 360, 488, 616, 744), (4, 5): (603, 637, 629, 621, 613, 605, 597, 339, 467, 595), (2, 1): (1005, 1013, 376, 504, 632, 760, 888, 1016, 1021), (3, 1): (476, 608, 352, 480, 508, 500, 484, 492), (4, 1): (1003, 875, 363, 491, 756, 748, 619, 747), (1, 2): (879, 887, 370, 498, 626, 1010, 882, 754), (3, 2): (1002, 874, 746, 618, 362, 1004, 490), (4, 2): (738, 355, 611, 739, 767, 759, 751, 483, 735, 743), (1, 3): (353, 481, 734, 737, 766, 758, 609, 750, 742), (2, 3): (469, 465, 337, 342, 382, 374, 366, 358, 350), (4, 3): (340, 380, 600, 472, 344, 348, 372, 364, 356), (1, 4): (341, 354, 349, 381, 373, 365, 357), (2, 4): (338, 466, 594, 596, 636, 628, 620, 612, 604), (3, 4): (482, 610, 639, 464, 592, 599, 631, 623, 615, 607), (6, 6): (1006, 1019, 377, 505, 633, 761, 889, 1017, 1014, 1022), (7, 7): (878, 1001, 873, 745, 361, 489, 617), (8, 8): (336, 383, 375, 343, 351, 367, 359), (9, 9): (881, 494, 369, 753, 625, 510, 502, 497)}, 'chain_break_method': 'majority_vote', 'embedding_parameters': {}, 'chain_strength': 86.27038403817963}}
first Sample(sample={(0, 1): 0, (0, 2): 0, (0, 3): 1, (0, 4): 0, (0, 5): 0, (1, 2): 0, (1, 3): 0, (1, 4): 0, (1, 5): 1, (2, 1): 0, (2, 3): 0, (2, 4): 0, (2, 5): 0, (3, 1): 0, (3, 2): 0, (3, 4): 1, (3, 5): 0, (4, 1): 0, (4, 2): 1, (4, 3): 0, (4, 5): 0, (6, 6): 0, (7, 7): 0, (8, 8): 0, (9, 9): 0}, energy=-93.69999999999999, num_occurrences=1, chain_break_fraction=0.04)
-------------------Larange = 0.25, annealing_time = 15
Number of logical variables: 25
Number of physical qubits used in embedding: 200
sample info {'timing': {'qpu_sampling_time': 233940.0, 'qpu_anneal_time_per_sample': 15.0, 'qpu_readout_time_per_sample': 198.4, 'qpu_access_time': 245063.71, 'qpu_access_overhead_time': 2845.29, 'qpu_programming_time': 11123.71, 'qpu_delay_time_per_sample': 20.54, 'post_processing_overhead_time': 851.0, 'total_post_processing_time': 851.0}, 'problem_id': 'd77dd95d-72bd-425a-bbb4-2545a9be5e7a', 'embedding_context': {'embedding': {(0, 2): (931, 803, 645, 653, 661, 669, 677, 675), (0, 1): (680, 808, 814, 806, 774, 782, 790, 798), (0, 3): (815, 810, 644, 652, 660, 668, 676, 684, 682), (0, 4): (514, 1154, 1026, 898, 642, 770), (0, 5): (516, 515, 1155, 643, 771, 1027, 899), (1, 5): (519, 527, 535, 543, 923, 795, 667, 539), (2, 5): (665, 933, 901, 909, 917, 793, 921, 925), (3, 5): (1030, 1038, 1046, 531, 1171, 1043, 659, 787, 915), (4, 5): (1158, 1166, 523, 1163, 651, 1035, 779, 907), (2, 1): (518, 526, 534, 542, 550, 544, 928, 800, 672), (3, 1): (530, 658, 786, 914, 1156, 1164, 1172, 1170, 1042), (4, 1): (1028, 513, 641, 1153, 1025, 769, 897), (1, 2): (900, 811, 908, 916, 924, 932, 940, 939), (3, 2): (1039, 521, 1031, 649, 1161, 777, 1033, 905), (4, 2): (1029, 1037, 1045, 529, 657, 785, 1041, 913), (1, 3): (538, 922, 666, 794, 775, 783, 791, 799), (2, 3): (929, 801, 517, 525, 533, 541, 549, 545, 673), (4, 3): (920, 536, 646, 792, 664, 654, 662, 670), (1, 4): (678, 674, 902, 910, 918, 802, 930, 934, 926), (2, 4): (681, 809, 773, 781, 789, 813, 805, 797), (3, 4): (683, 687, 679, 647, 655, 663, 671), (6, 6): (906, 772, 522, 788, 780, 650, 778), (7, 7): (1165, 1160, 520, 648, 1157, 776, 904, 1032), (8, 8): (656, 784, 935, 927, 903, 912, 911, 919), (9, 9): (1167, 512, 1159, 1152, 640, 768, 896, 1024)}, 'chain_break_method': 'majority_vote', 'embedding_parameters': {}, 'chain_strength': 86.27038403817963}}
first Sample(sample={(0, 1): 0, (0, 2): 0, (0, 3): 1, (0, 4): 0, (0, 5): 0, (1, 2): 0, (1, 3): 0, (1, 4): 0, (1, 5): 1, (2, 1): 0, (2, 3): 0, (2, 4): 0, (2, 5): 0, (3, 1): 0, (3, 2): 0, (3, 4): 1, (3, 5): 0, (4, 1): 0, (4, 2): 1, (4, 3): 0, (4, 5): 0, (6, 6): 0, (7, 7): 0, (8, 8): 0, (9, 9): 0}, energy=-93.69999999999999, num_occurrences=1, chain_break_fraction=0.0)
-------------------Larange = 0.25, annealing_time = 25
Number of logical variables: 25
Number of physical qubits used in embedding: 214
sample info {'timing': {'qpu_sampling_time': 243940.0, 'qpu_anneal_time_per_sample': 25.0, 'qpu_readout_time_per_sample': 198.4, 'qpu_access_time': 255097.91, 'qpu_access_overhead_time': 2659.09, 'qpu_programming_time': 11157.91, 'qpu_delay_time_per_sample': 20.54, 'post_processing_overhead_time': 2446.0, 'total_post_processing_time': 2446.0}, 'problem_id': '75bf1cb6-a078-4374-8fa6-66ef4e2a56f9', 'embedding_context': {'embedding': {(0, 2): (2034, 1906, 1778, 1650, 1522, 1394, 1398, 1390), (0, 1): (1612, 1652, 1644, 1636, 1620, 1755, 1627, 1628), (0, 3): (1619, 2003, 1747, 1909, 1901, 1893, 1885, 1877, 1875), (0, 4): (1870, 1910, 1618, 1746, 1902, 1874, 1878, 1894, 1886), (0, 5): (2006, 1625, 1753, 1881, 2038, 2030, 2022, 2014, 2009), (1, 5): (1761, 1633, 1654, 1646, 1638, 1614, 1622, 1630), (2, 5): (2024, 1509, 1517, 1896, 1768, 1384, 1512, 1640), (3, 5): (1610, 1738, 1866, 1871, 1879, 1911, 1903, 1895, 1887), (4, 5): (1380, 1388, 1396, 2032, 1904, 1776, 1648, 1520, 1392), (2, 1): (1865, 1737, 1609, 1613, 1621, 1653, 1645, 1637, 1629), (3, 1): (2036, 1616, 1744, 1872, 2028, 2020, 2012, 2004, 2000), (4, 1): (2005, 2013, 2037, 1632, 2029, 2021, 1760, 1888, 2016), (1, 2): (1510, 1518, 2033, 1905, 1777, 1649, 1521, 1526), (3, 2): (1399, 1391, 1383, 1379, 2019, 1507, 1891, 1763, 1635), (4, 2): (2017, 1889, 1634, 1908, 1900, 1884, 1762, 1890, 1892), (1, 3): (1611, 1867, 1739, 1742, 1782, 1774, 1766, 1758, 1750), (2, 3): (1651, 1748, 2035, 1907, 1779, 1756, 1764, 1772, 1780), (4, 3): (1508, 1516, 1386, 1514, 2026, 1898, 1770, 1642), (1, 4): (1752, 2008, 1504, 1880, 1376, 1624, 1496, 1368, 1374, 1382), (2, 4): (1381, 1389, 1387, 1515, 2027, 1899, 1771, 1643), (3, 4): (1511, 1519, 2025, 1385, 1513, 1897, 1769, 1641), (6, 6): (2039, 2031, 2023, 2015, 1617, 1745, 1873, 2001, 2007), (7, 7): (1743, 1783, 1775, 1767, 1759, 1751), (8, 8): (2010, 1882, 1626, 1754, 1749, 1781, 1773, 1765, 1757), (9, 9): (1736, 1608, 1615, 1623, 1631, 1655, 1647, 1639)}, 'chain_break_method': 'majority_vote', 'embedding_parameters': {}, 'chain_strength': 86.27038403817963}}
first Sample(sample={(0, 1): 0, (0, 2): 0, (0, 3): 0, (0, 4): 0, (0, 5): 1, (1, 2): 1, (1, 3): 0, (1, 4): 0, (1, 5): 0, (2, 1): 0, (2, 3): 0, (2, 4): 1, (2, 5): 0, (3, 1): 0, (3, 2): 0, (3, 4): 0, (3, 5): 0, (4, 1): 0, (4, 2): 0, (4, 3): 1, (4, 5): 0, (6, 6): 0, (7, 7): 0, (8, 8): 0, (9, 9): 0}, energy=-93.79999999999998, num_occurrences=1, chain_break_fraction=0.04)
-------------------Larange = 0.25, annealing_time = 35
Number of logical variables: 25
Number of physical qubits used in embedding: 213
sample info {'timing': {'qpu_sampling_time': 253940.0, 'qpu_anneal_time_per_sample': 35.0, 'qpu_readout_time_per_sample': 198.4, 'qpu_access_time': 265060.11, 'qpu_access_overhead_time': 2361.89, 'qpu_programming_time': 11120.11, 'qpu_delay_time_per_sample': 20.54, 'post_processing_overhead_time': 666.0, 'total_post_processing_time': 666.0}, 'problem_id': '2a9e5673-9d10-4393-9abb-599ebab5f98a', 'embedding_context': {'embedding': {(0, 2): (1376, 2016, 1888, 1504, 1760, 1637, 1632), (0, 1): (1854, 1994, 1862, 1894, 1866, 1886, 1878, 1870), (0, 3): (1473, 1601, 1765, 1985, 1857, 1757, 1749, 1741, 1733, 1729), (0, 4): (1510, 2002, 1874, 1746, 1618, 1502, 1494, 1490), (0, 5): (1851, 1979, 2023, 2015, 2007, 1983, 1991, 1999), (1, 5): (2000, 1872, 1638, 1630, 1622, 1744, 1488, 1629, 1621, 1616), (2, 5): (1474, 1602, 1986, 1858, 1764, 1756, 1748, 1740, 1732, 1730), (3, 5): (2019, 1891, 1763, 1379, 1507, 1635), (4, 5): (1383, 1375, 2009, 1369, 1497, 1881, 1753, 1625), (2, 1): (1868, 1892, 1491, 1747, 1884, 1619, 1876, 2003, 1875), (3, 1): (2022, 1982, 1990, 1998, 2014, 1984, 2006), (4, 1): (1893, 1853, 1992, 1864, 1861, 1869, 1877, 1885), (1, 2): (1380, 2011, 1883, 1755, 1627, 1499, 1371, 1372), (3, 2): (1251, 1249, 1252, 1250, 1378, 2018, 1890, 1762, 1506, 1634), (4, 2): (1481, 1993, 1759, 1609, 1751, 1865, 1767, 1737, 1743), (1, 3): (1636, 1860, 1856, 1728, 1600, 1604, 1852, 1612, 1620, 1628), (2, 3): (1631, 2008, 1639, 1880, 1624, 1496, 1752), (4, 3): (1373, 1381, 1377, 2017, 1889, 1761, 1505, 1633), (1, 4): (1509, 1501, 1493, 1489, 1617, 2001, 1873, 1745), (2, 4): (1726, 1766, 1758, 1987, 1750, 1742, 1734, 1859, 1731), (3, 4): (1995, 1867, 1739, 1611, 1483, 1480, 1508, 1500, 1492, 1484), (6, 6): (1849, 1977, 1980, 1988, 2020, 2012, 2004, 1996), (7, 7): (1879, 2010, 1895, 1887, 1882, 1626, 1498, 1754), (8, 8): (1978, 1850, 1503, 1495, 1487, 1479, 1471, 1722, 1511, 1594, 1466), (9, 9): (1848, 1976, 2021, 1981, 1989, 2013, 2005, 1997)}, 'chain_break_method': 'majority_vote', 'embedding_parameters': {}, 'chain_strength': 86.27038403817963}}
first Sample(sample={(0, 1): 1, (0, 2): 0, (0, 3): 0, (0, 4): 0, (0, 5): 1, (1, 2): 1, (1, 3): 0, (1, 4): 0, (1, 5): 0, (2, 1): 1, (2, 3): 0, (2, 4): 0, (2, 5): 0, (3, 1): 0, (3, 2): 0, (3, 4): 1, (3, 5): 0, (4, 1): 0, (4, 2): 0, (4, 3): 0, (4, 5): 0, (6, 6): 0, (7, 7): 0, (8, 8): 0, (9, 9): 0}, energy=-94.79999999999998, num_occurrences=1, chain_break_fraction=0.0)
-------------------Larange = 0.25, annealing_time = 45
Number of logical variables: 25
Number of physical qubits used in embedding: 209
sample info {'timing': {'qpu_sampling_time': 263940.0, 'qpu_anneal_time_per_sample': 45.0, 'qpu_readout_time_per_sample': 198.4, 'qpu_access_time': 275122.11, 'qpu_access_overhead_time': 2725.89, 'qpu_programming_time': 11182.11, 'qpu_delay_time_per_sample': 20.54, 'post_processing_overhead_time': 691.0, 'total_post_processing_time': 691.0}, 'problem_id': '994c0d0e-9ad2-4358-9b47-21b8316c5dee', 'embedding_context': {'embedding': {(0, 2): (492, 500, 114, 242, 370, 754, 626, 498), (0, 1): (208, 253, 245, 237, 213, 221, 229), (0, 3): (607, 615, 623, 755, 631, 627, 115, 243, 371, 499), (0, 4): (214, 222, 254, 246, 238, 230), (0, 5): (369, 241, 125, 113, 117, 109, 93, 101), (1, 5): (105, 350, 358, 382, 374, 233, 361, 366), (2, 5): (751, 759, 767, 762, 122, 250, 378, 506, 639, 634), (3, 5): (97, 225, 252, 244, 236, 220, 228), (4, 5): (494, 381, 502, 510, 121, 633, 505, 249, 377), (2, 1): (227, 124, 116, 92, 99, 100, 108), (3, 1): (622, 630, 112, 240, 368, 752, 624, 496), (4, 1): (628, 620, 612, 604, 602, 636, 474, 90, 218, 346), (1, 2): (88, 216, 344, 472, 477, 509, 501, 493, 485), (3, 2): (761, 224, 352, 480, 608, 765, 96, 757, 749, 741, 736), (4, 2): (351, 355, 383, 375, 367, 98, 226, 354, 359), (1, 3): (637, 217, 89, 345, 473, 629, 621, 613, 605, 601), (2, 3): (748, 756, 764, 123, 763, 251, 379, 507, 635), (4, 3): (209, 215, 223, 255, 247, 239, 231), (1, 4): (210, 82, 87, 127, 119, 95, 111, 103), (2, 4): (211, 83, 86, 94, 126, 118, 110, 102), (3, 4): (750, 120, 248, 376, 504, 632, 760, 758, 766), (6, 6): (511, 91, 503, 495, 487, 219, 347, 475, 479), (7, 7): (104, 232, 360, 348, 356, 380, 372, 364), (8, 8): (373, 365, 106, 234, 746, 618, 490, 362), (9, 9): (107, 747, 619, 235, 363, 491)}, 'chain_break_method': 'majority_vote', 'embedding_parameters': {}, 'chain_strength': 86.27038403817963}}
first Sample(sample={(0, 1): 1, (0, 2): 0, (0, 3): 0, (0, 4): 0, (0, 5): 0, (1, 2): 0, (1, 3): 0, (1, 4): 0, (1, 5): 0, (2, 1): 1, (2, 3): 0, (2, 4): 1, (2, 5): 0, (3, 1): 0, (3, 2): 0, (3, 4): 0, (3, 5): 0, (4, 1): 0, (4, 2): 0, (4, 3): 0, (4, 5): 1, (6, 6): 0, (7, 7): 0, (8, 8): 0, (9, 9): 0}, energy=-91.04999999999998, num_occurrences=1, chain_break_fraction=0.04)
